@tasks 20
T0 7 1(144) 3(23) 4(35) 5(109) 7(42) 8(138) 10(26) 
T1 6 2(76) 3(70) 4(90) 5(88) 11(153) 16(68) 
T2 2 5(16) 10(115) 
T3 4 7(101) 10(41) 11(112) 13(134) 
T4 2 6(39) 7(192) 
T5 2 9(63) 10(126) 
T6 2 8(160) 11(8) 
T7 1 11(97) 
T8 0 
T9 2 11(116) 12(114) 
T10 2 14(2) 18(93) 
T11 1 16(51) 
T12 1 16(67) 
T13 1 14(26) 
T14 1 15(101) 
T15 1 17(163) 
T16 2 17(166) T19(70) 
T17 0 
T18 0 
T19 1 0(15)
@proc 4
1393 0 1
714 0 1
1089 0 0
523 0 0
@times
619 717 81 11 
986 966 79 92 
291 982 51 5 
989 965 99 8 
378 638 96 60 
283 114 95 98 
369 6 65 80 
573 176 87 58 
986 46 75 36 
237 911 6 13 
740 759 64 91 
332 551 91 12 
105 139 59 63 
314 59 15 93 
930 179 7 20 
440 987 85 8 
520 127 28 85 
864 112 32 90 
284 817 56 17 
194 691 78 45 
@cost
89 80 292 1 
39 33 14 298 
44 15 315 490 
99 92 101 472 
62 37 177 392 
9 42 6 266 
69 9 302 333 
61 63 13 97 
33 68 31 410 
14 54 410 398 
47 73 494 242 
34 78 131 62 
0 95 159 117 
49 9 37 118 
29 50 439 426 
18 75 130 15 
99 84 316 26 
51 11 492 30 
76 16 175 271 
84 28 7 284 
@comm 2
CHAN0 71 43 1 1 1 1 
CHAN1 183 46 0 1 1 1 